100631835
100830553
101340853
101546338
102304544
106148890
106522126
106945202
107073278
109120576
109794669
110216736
110468890
110607134
111179328
112269643
113159615
113229953
113230042
113245821
113436445
113510953
113628095
113669499
113981311
114121886
114289216
114434450
114564632
114597924
115107978
115108108
115108158
115108210
115108315
115108334
115108379
115108420
115108644
115108700
115108746
115108806
115108857
115159076
115195142
115288600
115429504
115482155
115543378
115806873
115831144
116111457
116652037
116729796
116742242
117054706
117095224
117522134
117577740
117669132
117669244
117968202
118137659
118384902
118616617
118785851
118900997
119036223
119277706
119301339
119592434
119876350
119889404
120072127
120224859
120279215
120294628
120301526
120303595
120303651
120306512
120306822
120363334
120364375
120418271
120558827
120824105
121156263
121250840
121350848
121410579
121422655
121446976
121455790
121490801
121537586
121660544
121662509
121725735
121765348
121772767
121989331
122022687
122158823
122187116
122198996
122269874
122358222
122554817
122558674
122559063
122559111
122652196
122675966
122746581
122872612
122874358
122890837
122919818
123001393
123082359
123319431
123396174
123396199
123396616
123398302
123436077
123559412
123567064
123636066
123639474
123681778
123681834
123695560
123709635
123727795
123733220
123794870
123821991
123829175
123847371
123895086
123895207
123926383
123946469
123947448
123947589
124049909
124079560
124107933
124133774
124171538
124175912
124232973
124295973
124328157
124347303
124417491
124424051
124465214
124487217
124489133
124498201
124540235
124550551
124628508
124658371
124670609
124681741
124724643
124788671
124797628
124829132
124829327
124832829
124835229
124884631
124920760
124983456
125002790
125003325
125009967
125010002
125021638
125030758
125044297
125103734
125108271
125138111
125147711
125147802
125151434
125155672
125217413
125246034
125260012
125279874
125337538
125339247
125375365
125405708
125420473
125426530
125454002
125475222
125493914
125544687
125644397
125648301
125696831
125728064
125741455
125743093
125771611
125803491
125850499
125873476
125876748
125889100
125889106
125889123
125897693
125912148
125948799
125980931
125999436
126003457
126013029
126032374
126098268
126135980
126167231
126176885
126199878
126259228
126267727
126288320
126299534
126301178
126307778
126312086
126324784
126335830
126343073
126366793
126378094
126381318
126395356
126416579
126436719
126437977
126513013
126532207
126534849
126545604
126546610
126552766
126559691
126569886
126571784
126572747
126575149
126577538
126638704
126653932
126682789
126694633
126694844
126695199
126695384
126695783
126696745
126696892
126697858
126698061
126729398
126738183
126777491
126778314
126783107
126856936
126871963
126872836
126887430
126895906
126901479
126904050
126929756
126970101
126979591
127039700
127058880
127065181
127065581
127065964
127068038
127070992
127071010
127089128
127089197
127091549
127091575
127091773
127098889
127110859
127120810
127123324
127128951
127133099
127135367
127135732
127138646
127138901
127147358
127196181
127213379
127216369
127216489
127217126
127218032
127237847
127245557
127245612
127246224
127273175
127302289
127310141
127329961
127333518
127340033
127345598
127349488
127359376
127361253
127363894
127374321
127375434
127385728
127386657
127387983
127388048
127394807
127405772
127407696
127414234
127417764
127421548
127424847
127426533
127431660
127434346
127447761
127452232
127457868
127473774
127474576
127484974
127498072
127498757
127506172
127522640
127525202
127535917
127541087
127542305
127545682
127546916
127566846
127579959
127580250
127605664
127611990
127613885
127625097
127625589
127629343
127629570
127634750
127643182
127669814
127673517
127683004
127683170
127684222
127685177
127693393
127695495
127702290
127706201
127723915
127728052
127747839
127749612
127749651
127750269
127764073
127764160
127771458
127776103
127779401
127784427
127786206
127786234
127802362
127808318
127827937
127840499
127846460
127848086
127857965
127863518
127863524
127868169
127872382
127873032
127878625
127882525
127886840
127887081
127890380
127897472
127905159
127909030
127920602
127925827
127927097
127933278
127948947
127959292
127960858
127963929
127979123
127981933
127985590
127998280
127998516
128001279
128002330
128003103
128026459
128046866
128051939
128055337
128073064
128080450
128085169
128089733
128091121
128091616
128094795
128096305
128108758
128109186
128110085
128115318
128121721
128125981
128137184
128150216
128156703
128159396
128159688
128160245
128171949
128173220
128174946
128178669
128193573
128212608
128212868
128218109
128224459
128231081
128234151
128234269
128234616
128235477
128237465
128238707
128240264
128240694
128242314
128242489
128243294
128244077
128244205
128244802
128246809
128248617
128258994
128261634
128262196
128262635
128265325
128265631
128266756
128267267
128267281
128274038
128275143
128277365
128279099
128279558
128279675
128283553
128287247
128287798
128291239
128291481
128294371
128295241
128295546
128296104
128297605
128297754
128304811
128305113
128305805
128307688
128314493
128315246
128315841
128318077
128321007
128322245
128323204
128323432
128323614
128326920
128327316
128327896
128328634
128329359
128330308
128332569
128333067
128334351
128336664
128337874
128338030
128339138
128342484
128342680
128345368
128349494
128352289
128352746
128354728
128364025
128365494
128367499
128367689
128369529
128372780
128373264
128374009
128374174
128375970
128378362
128379387
128379845
128380293
128380682
128385224
128385960
128386841
128387291
128390073
128392272
128393780
128394907
128395566
128397032
128398327
128401360
128406162
128407008
128407064
128409318
128409721
128410095
128410927
128412026
128413865
128418629
128418711
128424096
128424882
128425815
128425995
128426327
128426519
128426867
128428297
128432457
128432661
128432979
128433857
128435087
128436286
128436375
128436665
128437505
128437871
128438614
128440164
128441080
128442411
128448686
128449379
128452520
128454396
128454561
128459561
128459790
128462597
128463710
128464504
128464710
128466102
128473936
128475085
128476690
128477581
128478247
128482301
128484938
128487538
128488001
128489244
128492973
128493079
128493389
128494073
128494647
128497174
128497577
128499672
128500966
128501163
128504681
128506620
128511884
128519618
128526380
128526553
128528885
128529996
128530294
128530566
128532654
128534559
128534742
128537228
128541131
128544066
128544477
128545401
128555527
128556461
128556502
128558014
128559041
128559762
128559831
128563496
128564964
128567403
128567535
128574340
128575768
128577875
128579727
128581629
128581674
128586064
128586307
128587118
128588403
128588837
128594014
128601154
128601159
128606320
128607854
128614351
128614799
128616846
128618118
128621503
128622116
128622422
128622970
128625306
128625884
128626374
128627046
128628568
128630459
128630503
128630609
128630701
128631092
128631193
128631430
128634691
128637146
128640716
128643219
128643671
128645807
128646639
128646675
128646682
128647205
128648945
128650745
128651291
128651632
128652398
128652951
128656461
128656733
128656928
128658612
128659949
128661293
128661310
128662211
128665777
128668466
128671134
128672778
128673136
128674121
128675229
128675369
128676123
128676945
128677061
128677123
128679490
128679507
128679702
128680318
128682155
128684819
128687065
128687331
128688011
128688988
128689134
128689209
128689978
128690509
128691031
128691177
128692785
128692929
128694105
128694376
128695585
128697326
128698602
128699258
128700654
128701482
128701606
128702799
128702863
128703291
128703347
128703475
128703803
128704223
128704606
128704695
128704878
128705694
128707513
128707668
128708323
128710226
128710259
128710373
128710435
128710471
128710509
128710541
128710640
128710688
128710768
128710969
128712663
128712917
128713200
128714790
128715046
128718490
128718653
128719449
128719485
128721427
128721759
128722455
128723695
128723911
128724353
128724969
128725644
128726647
128727042
128727678
128729120
128731145
128731660
128732022
128733003
128733869
128734247
128734298
128734355
128735592
128736352
128736670
128736830
128737005
128737987
128738171
128738219
128738652
128741189
128744152
128744489
128744564
128744646
128745500
128745593
128747200
128747233
128747258
128747881
128748384
128749179
128749312
128749484
128750114
128750391
128750593
128751859
128753002
128753795
128754716
128754994
128758716
128760349
128761851
128763595
128764895
128765947
128766969
128767099
128767262
128767344
128768296
128768536
128768746
128768915
128769401
128771051
128771386
128771873
128771927
128772469
128772785
128772983
128773484
128774595
128777062
128777220
128777802
128779771
128779813
128780185
128780343
128781645
128782432
128782730
128782798
128783427
128785367
128787061
128787181
128787375
128787658
128787941
128787961
128788070
128788945
128789083
128789206
128789484
128790325
128790806
128791374
128791706
128793646
128794521
128795110
128795165
128795504
128796791
128796794
128796832
128797971
128800239
128800627
128804737
128805041
128805063
128806402
128807512
128808676
128809054
128809870
128812286
128815203
128816920
128816986
128818381
128820428
128820983
128821031
128821793
128822070
128822552
128823008
128823251
128823888
128824172
128825771
128826087
128826211
128826862
128827724
128828071
128828460
128829232
128829383
128829457
128829582
128829890
128830814
128831290
128831827
128834721
128835299
128835522
128835796
128835956
128836021
128837308
128837352
128838192
128839795
128841849
128843624
128845064
128846164
128846508
128846697
128846735
128846741
128847071
128848462
128848650
128850013
128852131
128853265
128853727
128854247
128854615
128855566
128855812
128856188
128856947
128856985
128857622
128858607
128858704
128859766
128860567
128860600
128860700
128864084
128864265
128864569
128865691
128866740
128866778
128866927
128867367
128869211
128869831
128869861
128870466
128871063
128872139
128873678
128874279
128875479
128876165
128876231
128876778
128877078
128877269
128877722
128878714
128878974
128879114
128880203
128880727
128881013
128881060
128881646
128883128
128883761
128883956
128884066
128884198
128884409
128884500
128886314
128886537
128886686
128886717
128887162
128887460
128888663
128888893
128889025
128889806
128890453
128892028
128892440
128893490
128894285
128895147
128897096
128897608
128897896
128897942
128898020
128898600
128899248
128900132
128900244
128900942
128901335
128902399
128902689
128902735
128904248
128907281
128907622
128908189
128908754
128909918
128910746
128911100
128912875
128914894
128916609
128916968
128917235
128917939
128917975
128918536
128918889
128919919
128920055
128920247
128920448
128920485
128920603
128923379
128925215
128925791
128926151
128926435
128927410
128929759
128930447
128931440
128931750
128931883
128932474
128932722
128932724
128932807
128933086
128934195
128934499
128935005
128935216
128935914
128936604
128937422
128938579
128938622
128939786
128942067
128943991
128944322
128944701
128944718
128945078
128945699
128946056
128947347
128947631
128950167
128950676
128950948
128951484
128951646
128952816
128953619
128953682
128954892
128956725
128958621
128958996
128959130
128959141
128959937
128960497
128960616
128961086
128961326
128961614
128961824
128961903
128964329
128966331
128966533
128966874
128966929
128967346
128967746
128968395
128968656
128968824
128968985
128969069
128969338
128969344
128969786
128970470
128971689
128972437
128973770
128974213
128974218
128976453
128976544
128978042
128978920
128979189
128979239
128979305
128979889
128980180
128980479
128980497
128980934
128981111
128981271
128981536
128981901
128982243
128982447
128982641
128982726
128982787
128982843
128983961
128984006
128984041
128984166
128984266
128984571
128985385
128985406
128985431
128986313
128988859
128989319
128989580
128990086
128990730
128993684
128993795
128994779
128995236
128995782
128996848
128998765
128999415
128999877
129000210
129000477
129001162
129001307
129001377
129001476
129001763
129002245
129003291
129005338
129005459
129006043
129006132
129006196
129006298
129006917
129008486
129009140
129011357
129011746
129011988
129012185
129012507
129013189
129013505
129014147
129014149
129014157
129015229
129015583
129016606
129017665
129018825
129019463
129020365
129020907
129023320
129024315
129024453
129024551
129024554
129024739
129025888
129026563
129027209
129028241
129028465
129029000
129029215
129029442
129030180
129031142
129031704
129032069
129032425
129035145
129035413
129035986
129036291
129036923
129037262
129038761
129038799
129038948
129039048
129041771
129042787
129043450
129043669
129044599
129044735
129044927
129045090
129045529
129046101
129046542
129046649
129047781
129048657
129048945
129049079
129049490
129049860
129050321
129050880
129051694
129053010
129053116
129053305
129053841
129053915
129054728
129054921
129055109
129055218
129056837
129057023
129057292
129057698
129057700
129059454
129060097
129060640
129061228
129063390
129063524
129064275
129064577
129064664
129064730
129065155
129065559
129065771
129066272
129066278
129067948
129068967
129069380
129069941
129070058
129070329
129071539
129071579
129071704
129071957
129073556
129073934
129074515
129076623
129078449
129078692
129078834
129080121
129081633
129082605
129082635
129082640
129083109
129083687
129083847
129084040
129084183
129084501
129085068
129085959
129086063
129086259
129086518
129086791
129087026
129087098
129087213
129088446
129089467
129090177
129090229
129090990
129091010
129091012
129091484
129092447
129093099
129093167
129094202
129094818
129095589
129095881
129096238
129096457
129096699
129096700
129096992
129097200
129098291
129098626
129098760
129099750
129099794
129101020
129102033
129102917
129102967
129103544
129104371
129104423
129104912
129105008
129105045
129106029
129106719
129107316
129108092
129108319
129108348
129108367
129109586
129110555
129110875
129111127
129112567
129113254
129113755
129113891
129114296
129114504
129116714
129117181
129117211
129117287
129117939
129118545
129118631
129119409
129120370
129120919
129121795
129122077
129122532
129123332
129124696
129125142
129125328
129125719
129127477
129128139
129128550
129128976
129130914
129132122
129132168
129132851
129133661
129133976
129135519
129135551
129136746
129138888
129139222
129139449
129139484
129139855
129139975
129140324
129140541
129141472
129142411
129143718
129143829
129144345
129144551
129144576
129144626
129144884
129145444
129145654
129145895
129146087
129146277
129147141
129147273
129147352
129147410
129147647
129147729
129147970
129148804
129149017
129150607
129150809
129152306
129152378
129152437
129154207
129154212
129155642
129156120
129156280
129156517
129157427
129157700
129158222
129158428
129158522
129159201
129159276
129159323
129162056
129162601
129163290
129163328
129163642
129164346
129165188
129165300
129165327
129165550
129166348
129166409
129166903
129167310
129167981
129168208
129168340
129168538
129168875
129169781
129170210
129170914
129172573
129175269
129175736
129175737
129177801
129177985
129178004
129178005
129178198
129179454
129180068
129180872
129181617
129182464
129183821
129183942
129184503
129184605
129185687
129186507
129186597
129187114
129187850
129188265
129188681
129189005
129189292
129189743
129189990
129190033
129190150
129190314
129190454
129191170
129191589
129193929
129195671
129195762
129197127
129198743
129199250
129199826
129199878
129200220
129201335
129201690
129201757
129201900
129202091
129202447
129202709
129203291
129203715
129206278
129206839
129207059
129207390
129207681
129208096
129208134
129208146
129208391
129210187
129211104
129211422
129211778
129212627
129212905
129215957
129216225
129216288
129216291
129216438
129217880
129220041
129221385
129222375
129222448
129222489
129222547
129222577
129222611
129222616
129222688
129223292
129223375
129224076
129225744
129226441
129226749
129226858
129226974
129227000
129227082
129227180
129227235
129227620
129230346
129231739
129233244
129233846
129233925
129234441
129234464
129235267
129235539
129239773
129241844
129242020
129242709
129244235
129244374
129244849
129244891
129244940
129246150
129248054
129248099
129248650
129248852
129249958
129250192
129251791
129251809
129252361
129252708
129252729
129252872
129253200
129253445
129253862
129254015
129254149
129254294
129254299
129254728
129255299
129255310
129256997
129259602
129259643
129259813
129259883
129260371
129260780
129261018
129261805
129261826
129263037
129263100
129263234
129264002
129266166
129266249
129266376
129266382
129266868
129266913
129267390
129267742
129268512
129270577
129270789
129270893
129272339
129272496
129272997
129273351
129273649
129276682
129276864
129277209
129278597
129281975
129283711
129283751
129284961
129285037
129285195
129285205
129285906
129288350
129290412
129290609
129290803
129291797
129291863
129291971
129291972
129292019
129292033
129292701
129292783
129294432
129294486
129294538
129295160
129295672
129296278
129296311
129297967
129298529
129298556
129298985
129299237
129299330
129299575
129299596
129300454
129300958
129302031
129302389
129302523
129304437
129304578
129305071
129305863
129306071
129306172
129306360
129306482
129306986
129307646
129307845
129308944
129309499
129309926
129310001
129310710
129310740
129311014
129311338
129312297
129312403
129312629
129313388
129313978
129314085
129314165
129314434
129314480
129314835
129314911
129315120
129315432
129315845
129315927
129316121
129316201
129316791
129317218
129317435
129318021
129318034
129318537
129318980
129319551
129319625
129320022
129321583
129323386
129323593
129324376
129324632
129325282
129326365
129326388
129326592
129326644
129327693
129327861
129329241
129331246
129331482
129332021
129332337
129332407
129334011
129334025
129334298
129334518
129336739
129338291
129339220
129339589
129339633
129339855
129339965
129340273
129341131
129341437
129341961
129342748
129343014
129343036
129343169
129343599
129343654
129344420
129345701
129345789
129345949
129346115
129346155
129348224
129348244
129349248
129349430
129350657
129352945
129355331
129355371
129356069
129356106
129356219
129357682
129357808
129358304
129358692
129359900
129359929
129360029
129360402
129360858
129361164
129361590
129361595
129362219
129363265
129363453
129364584
129365089
129365200
129365582
129365970
129366308
129367206
129367218
129367510
129367704
129368831
129370398
129371073
129371145
129371336
129371797
129375298
129375909
129376112
129376295
129378095
129378364
129378842
129379515
129379690
129379759
129380572
129380706
129381430
129381435
129382435
129384409
129384446
129384534
129384562
129384841
129385792
129385846
129385874
129386481
129387023
129387631
129388273
129388578
129388589
129388645
129389342
129389613
129389996
129390191
129390220
129391087
129391389
129391790
129392190
129392414
129393640
129393817
129394046
129394929
129395080
129395492
129395747
129396353
129396405
129396443
129396724
129397380
129398020
129398146
129398319
129398755
129399094
129400063
129400103
129400230
129400421
129400786
129401141
129401185
129402427
129404035
129404324
129404439
129404573
129404619
129404768
129404929
129404933
129406034
129406432
129407391
129407580
129407674
129408048
129408245
129408267
129408783
129408928
129409214
129409794
129411239
129411574
129411594
129411984
129412177
129412787
129413040
129413459
129413702
129413809
129413871
129414343
129414494
129414625
129414979
129415039
129415792
129415807
129415938
129416088
129416358
129416496
129416714
129416833
129417008
129417619
129417808
129418024
129418954
129419513
129419973
129420626
129421087
129421798
129421867
129421957
129422071
129422494
129422507
129422659
129422672
129422688
129423248
129423605
129423697
129424213
129425439
129426592
129426799
129427062
129427725
129427885
129428133
129428407
129429415
129429580
129430927
129430962
129431341
129432774
129432868
129433355
129433598
129434207
129434713
129434844
129435358
129435595
129435694
129435761
129435844
129435878
129435951
129436058
129436217
129437333
129437369
129437609
129438596
129438845
129439155
129439945
129440438
129440808
129440930
129442348
129442799
129442800
129442803
129442813
129442857
129442888
129443140
129443433
129443542
129443629
129443648
129444014
129444296
129444412
129445077
129445114
129445168
129445294
129446003
129446213
129446396
129446431
129446474
129446756
129446930
129446978
129447247
129447414
129447735
129447842
129448039
129448348
129448355
129448608
129450062
129450125
129450159
129450765
129450832
129451063
129451423
129453058
129453811
129454204
129454498
129454919
129455139
129455220
129456267
129456336
129456364
129456562
129460206
129460495
129460697
129460717
129460908
129461061
129461754
129461955
129461973
129463346
129463689
129463715
129464303
129464833
129465036
129465672
129466028
129466261
129467102
129467127
129467205
129467331
129467711
129468163
129469699
129470094
129470100
129470773
129471190
129471398
129472002
129472808
129472826
129472895
129473594
129474075
129474220
129474307
129475077
129475997
129477686
129477732
129477997
129478018
129478091
129478134
129478157
129478345
129478956
129479263
129480398
129481206
129481496
129481833
129481987
129483295
129483441
129483519
129483539
129484377
129484673
129485471
129486129
129486445
129486465
129486476
129486532
129486604
129486674
129486752
129486817
129487591
129487693
129487807
129487955
129488310
129488529
129488552
129488701
129489432
129489873
129490104
129491255
129491543
129492263
129492322
129492461
129493909
129493910
129494484
129494823
129495405
129495557
129495800
129495940
129496267
129496465
129496634
129496759
129497325
129498687
129499216
129499388
129499575
129500418
129500434
129500540
129500647
129500932
129502991
129503740
129504665
129505061
129505167
129506285
129506300
129506459
129506799
129506946
129507271
129507533
129507754
129507968
129508382
129508505
129509163
129509422
129509750
129509992
129510270
129510407
129510502
129511575
129511816
129512239
129512369
129512841
129514119
129514493
129514594
129514827
129515344
129516196
129516890
129517127
129517358
129517457
129517721
129518560
129519107
129519642
129519960
129520004
129520510
129520570
129520792
129520843
129520929
129522204
129522447
129522798
129523437
129523612
129523983
129524338
129524712
129526565
129527333
129527440
129527694
129528483
129529020
129529051
129529396
129529667
129529735
129529754
129529882
129530586
129530658
129531264
129531309
129531909
129532287
129532979
129533046
129534221
129534652
129536029
129536031
129536457
129537003
129537281
129537330
129537507
129537533
129537537
129537794
129537918
129537991
129538061
129538267
129538647
129539361
129539383
129539434
129540195
129540267
129540532
129541042
129541047
129541057
129542251
129542544
129543061
129543242
129543265
129543354
129543477
129543876
129545160
129545184
129545225
129545236
129545269
129545537
129545590
129545910
129546404
129546485
129546928
129547122
129547148
129547283
129547624
129547852
129548367
129548642
129548780
129549324
129551140
129551917
129552296
129552365
129552559
129552659
129553392
129553549
129553722
129554434
129554705
129554730
129554809
129554951
129555977
129556752
129556998
129559322
129559739
129560188
129560590
129560767
129561133
129562032
129562557
129562606
129562657
129562719
129562771
129562886
129563049
129563139
129563665
129563757
129563933
129564252
129564811
129564931
129564989
129565140
129565157
129565170
129565436
129565441
129565867
129566042
129566434
129566687
129566886
129567006
129567869
129568204
129568358
129568458
129568968
129569210
129569259
129569291
129569305
129569431
129570363
129570397
129570960
129571127
129572783
129572818
129572937
129573255
129573857
129574011
129574059
129574075
129574200
129574587
129574962
129576222
129576784
129576826
129576911
129576994
129577696
129578395
129578516
129578568
129579083
129579796
129579936
129579976
129580556
129581000
129581137
129583504
129583514
129583639
129583735
129583752
129583934
129583938
129584115
129584349
129584389
129584478
129584536
129585335
129585354
129585805
129585844
129586037
129586912
129586967
129587696
129587881
129588035
129588168
129588419
129588550
129588880
129589051
129589455
129589555
129590399
129591223
129591876
129592278
129592562
129592984
129594047
129594931
129595090
129595556
129595926
129595986
129596267
129596349
129596420
129596629
129596761
129596845
129596846
129596883
129597031
129597243
129597273
129597551
129597623
129598301
129598399
129598615
129598624
129598993
129599218
129599321
129599517
129600426
129600538
129600679
129600823
129600878
129600963
129601101
129601205
129601834
129601897
129602124
129602268
129602370
129602441
129602630
129603260
129603656
129603696
129604159
129604952
129604958
129605317
129605723
129605797
129606203
129606693
129606768
129607481
129607682
129607754
129607904
129608038
129608179
129608190
129608735
129608903
129609061
129609404
129609867
129610029
129610035
129610059
129610260
129610391
129610410
129610491
129610496
129610526
129610904
129610927
129611099
129611208
129611540
129611583
129611721
129611798
129611831
129611943
129612050
129613189
129613220
129613274
129613364
129613375
129613392
129613454
129613732
129614382
129614403
129614413
129614485
129615238
129615755
129615838
129615906
129615919
129616588
129616652
129617007
129617174
129617446
129618457
129619157
129619498
129619550
129620060
129620072
129620157
129620184
129620316
129620456
129620864
129621845
129622128
129622243
129622370
129622466
129622710
129622945
129623467
129623498
129624154
129624233
129624920
129624930
129625330
129625741
129625831
129625920
129626041
129626086
129626182
129626767
129627176
129627194
129627664
129627729
129627738
129628386
129628537
129628631
129628764
129629102
129629656
129629671
129629710
129630017
129630269
129630288
129630540
129630545
129630720
129631250
129631640
129631883
129631932
129632256
129632434
129633672
129633890
129634138
129634492
129634786
129635073
129635114
129635262
129635390
129635944
129635945
129636388
129636659
129637024
129637453
129637496
129637652
129637940
129638068
129638617
129638718
129638726
129638783
129638794
129638880
129638928
129638983
129639052
129639120
129639532
129639818
129639824
129639874
129640073
129640075
129640179
129640294
129640570
129640650
129640923
129641313
129641349
129641524
129641983
129642163
129642237
129642271
129642938
129643376
129643834
129645212
129645368
129645379
129646369
129646731
129646802
129647053
129647333
129647356
129648423
129648936
129648938
129648982
129649282
129650650
129650901
129651012
129651180
129651201
129651466
129652187
129652437
129652522
129652739
129652742
129652756
129652812
129653817
129653823
129654524
129654842
129655372
129655449
129655513
129656591
129657408
129657591
129657746
129657908
129658298
129659161
129659310
129659457
129659959
129660215
129660289
129660389
129660673
129661096
129661349
129661505
129661641
129663683
129664406
129664567
129665397
129665865
129666114
129667165
129667248
129667834
129668413
129668669
129668878
129668971
129669783
129669990
129671005
129671142
129671225
129671536
129672075
129672268
129672794
129673174
129673590
129674052
129674586
129674895
129675337
129675440
129675540
129675854
129676709
129676779
129676816
129676977
129677123
129677209
129677216
129677462
129678009
129678721
129679167
129679173
129679586
129680422
129680560
129681391
129681443
129681695
129681782
129681798
129681844
129682666
129683160
129683370
129683412
129683708
129684464
129684481
129684514
129684571
129684599
129684779
129684970
129685041
129685476
129685704
129685743
129686535
129686572
129686777
129686996
129687241
129687716
129688646
129689009
129689351
129689561
129689920
129690175
129690704
129692300
129692351
129693248
129693288
129693567
129694061
129694346
129694626
129695644
129695894
129696025
129696412
129696433
129696531
129696691
129697049
129697192
129697248
129697534
129697597
129697604
129697708
129698462
129698516
129698832
129698977
129699036
129699257
129699273
129699299
129699377
129699634
129699824
129700963
129701155
129701853
129702121
129702573
129702579
129702701
129703173
129703187
129703836
129703873
129703944
129704077
129704226
129704283
129704405
129704561
129704585
129705045
129705317
129705485
129705522
129705831
129705841
129705844
129706131
129706240
129706286
129706388
129706468
129707819
129708014
129708546
129708549
129709228
129709274
129709282
129709468
129709509
129709567
129709994
129710322
129710331
129710550
129710892
129711043
129711059
129711362
129711924
129711970
129711990
129712100
129712357
129712361
129712930
129713229
129713622
129713663
129713699
129714509
129714584
129714786
129714900
129714953
129714969
129715186
129715243
129715287
129715491
129716068
129716190
129716334
129716622
129716759
129716859
129717034
129717174
129717804
129717865
129718132
129718172
129718307
129718727
129719334
129719584
129720497
129720581
129720616
129720640
129720862
129721107
129721229
129721969
129722180
129722182
129722440
129722483
129723037
129723396
129724675
129724787
129724874
129724938
129725316
129726136
129726552
129727128
129727445
129727482
129727500
129727515
129727530
129727666
129727686
129727687
129727909
129727953
129728281
129728334
129729204
129729317
129729326
129729517
129729698
129729761
129729946
129729948
129729955
129730099
129730639
129730663
129730754
129730851
129730856
129730997
129731242
129731432
129731540
129731701
129731768
129732002
129732028
129732632
129732825
129733346
129733495
129733603
129733756
129733835
129733938
129734005
129734092
129734643
129735192
129735392
129735689
129735779
129735861
129735967
129736808
129736925
129737179
129737447
129737493
129737918
129738080
129738112
129738219
129738896
129738925
129739292
129739324
129739856
129739960
129740568
129740574
129740577
129740981
129741528
129741546
129742127
129742635
129742829
129742841
129742986
129743038
129743054
129743402
129743652
129743732
129743773
129744420
129744852
129745018
129745194
129745389
129745571
129746170
129746188
129746269
129746322
129746535
129746834
129747096
129748736
129748762
129748982
129749044
129749267
129749747
129750157
129750576
129750596
129750649
129750703
129750930
129751263
129752364
129752724
129752960
129753153
129753788
129753789
129754776
129754894
129754965
129755306
129755792
129755957
129755980
129756104
129756206
129756364
129756904
129756937
129757254
129757326
129757395
129757723
129758028
129758075
129758164
129758176
129758925
129759376
129759404
129759547
129759577
129759713
129760083
129760111
129760156
129760169
129760204
129760232
129760920
129760988
129760989
129761058
129761075
129761099
129761142
129761189
129761227
129761286
129761425
129761674
129761963
129762278
129762585
129762593
129762643
129762685
129762699
129762747
129762758
129762811
129762851
129762969
129763152
129763440
129763787
129763808
129763912
129764243
129764328
129764527
129765082
129765345
129765663
129765866
129766046
129766167
129766645
129766957
129767016
129767057
129767067
129767074
129767087
129767294
129767667
129767746
129768131
129768202
129768232
129768254
129768447
129769658
129769685
129769782
129769784
129769986
129770004
129770015
129770016
129770219
129770310
129770356
129770394
129770424
129770511
129770623
129770720
129770889
129771107
129771168
129771241
129771473
129771571
129771639
129772030
129772067
129772537
129772598
129772796
129773006
129773272
129773448
129773466
129773515
129773581
129773945
129774229
129774491
129774570
129774829
129774878
129774919
129775099
129775219
129775228
129775272
129775327
129775529
129775618
129775933
129775961
129776168
129776173
129776226
129776283
129776344
129776662
129776721
129776784
129776795
129777022
129777040
129777114
129777176
129777202
129777210
129777552
129777931
129777948
129778106
129778419
129778420
129778854
129779102
129779166
129779218
129779386
129779454
129779464
129779519
129779675
129779783
129779913
129780356
129780440
129780556
129780591
129780845
129781244
129781309
129781314
129781412
129781708
129781780
129781892
129782203
129782457
129782534
129782542
129782685
129782917
129783099
129783622
129783626
129783632
129783639
129783650
129783665
129784465
129784736
129784801
129785440
129785666
129785954
129786282
129786348
129786423
129786510
129786589
129786854
129787318
129787685
129788281
129788737
129788892
129788961
129790270
129790362
129790575
129790945
129791210
129791310
129791620
129791789
129791821
129791839
129792149
129792271
129792718
129792721
129793004
129793057
129793155
129793202
129793206
129793514
129793839
129793869
129793923
129793979
129793989
129794023
129794035
129794082
129794098
129794126
129794179
129794290
129794929
129795152
129795200
129795247
129795330
129795567
129796075
129796741
129796769
129796892
129796992
129797170
129797183
129797255
129797368
129797411
129797435
129797464
129797564
129798149
129798370
129798453
129798788
129799131
129799581
129799848
129799876
129800321
129800465
129800519
129801041
129801068
129801177
129801488
129801803
129801832
129802295
129802303
129802360
129802637
129802692
129802713
129802794
129802842
129802989
129803105
129803492
129803500
129803508
129803827
129804264
129804380
129804460
129804868
129805036
129805053
129805071
129805218
129805606
129805814
129805873
129806167
129806258
129806605
129806613
129807182
129807212
129807253
129807315
129807394
129807491
129807619
129808300
129808342
129808386
129808595
129809304
129809336
129809457
129809765
129809773
129810067
129810537
129810756
129811134
129811234
129811408
129811464
129811466
129811482
129811485
129811490
129812316
129812938
129812950
129813627
129814083
129814155
129814230
129814735
129814994
129815176
129816311
129816317
129816785
129817054
129817299
129817859
129818183
129818251
129818699
129818768
129818950
129819147
129819175
129819227
129819520
129819689
129820014
129820093
129820145
129820408
129820455
129820705
129820858
129820911
129822134
129822181
129822475
129822502
129822686
129822796
129822938
129823121
129823196
129823384
129823417
129823745
129823794
129824118
129824317
129824501
129824675
129824702
129824926
129824960
129825136
129825293
129826004
129826705
129826764
129827406
129827626
129828110
129828441
129828488
129828580
129828605
129828702
129828897
129828996
129829243
129829403
129829433
129829469
129829477
129829627
129830063
129830113
129830133
129830325
129830358
129830400
129830500
129830647
129830766
129830776
129831066
129831458
129831509
129831855
129831914
129831986
129832115
129832248
129832263
129832342
129832461
129832485
129832678
129832727
129832760
129832761
129832810
129832962
129833064
129833248
129833256
129833359
129833362
129833504
129833761
129833819
129834001
129834530
129834621
129834659
129834708
129834887
129835082
129835085
129835091
129835101
129835263
129835325
129835715
129836023
129836192
129836237
129836341
129836577
129836864
129836876
129837017
129837203
129837271
129837459
129837490
129837677
129837775
129837816
129838531
129838609
129838913
129838925
129838962
129839238
129839347
129839449
129839676
129839680
129839705
129840020
129840188
129840361
129840539
129840827
129841004
129841013
129841262
129841350
129841406
129841433
129841443
129841552
129841749
129841939
129841976
129842017
129842167
129842418
129842812
129842902
129842983
129843212
129843264
129843549
129843767
129843902
129843913
129843917
129844072
129844168
129844682
129844801
129844814
129844867
129845192
129845201
129845771
129846253
129846304
129846321
129846333
129846628
129846707
129847182
129847283
129847768
129847775
129847781
129848109
129848158
129848244
129848305
129848327
129848371
129848577
129848578
129848580
129848692
129849107
129849133
129849176
129849278
129849287
129849301
129849450
129849514
129849874
129849963
129850155
129850177
129850211
129850310
129850433
129850790
129850835
129850861
129851092
129851121
129851303
129851317
129851379
129851490
129851527
129851571
129851585
129851599
129851700
129851786
129851861
129851881
129852113
129852563
129852718
129852724
129852799
129852828
129853101
129853190
129853205
129853206
129853220
129853720
129853894
129853957
129853970
129854026
129854093
129854118
129854119
129854209
129854219
129854314
129854373
129854421
129854571
129854811
129854905
129855092
129855104
129855248
129855253
129855365
129855447
129855686
129855734
129855755
129855818
129855849
129855853
129855889
129855897
129855916
129855948
129856068
129856135
129856220
129856223
129856238
129856258
129856291
129856309
129856346
129856351
129856375
129856411
129856423
129856426
129856454
129856564
129856629
129856748
129856861
129856895
129857040
129857196
129857448
129857516
129857577
129857618
129857690
129857705
129857756
129857833
129857875
129857906
129857908
129857923
129857927
129857985
129857988
129858062
129858076
129858128
129858136
129858169
129858171
129858201
129858250
129858334
129858741
129858763
129858795
129858880
129859365
129859405
129859891
129860389
129860450
129860587
129860749
129860815
129860922
129861042
129861174
129861231
129861482
129861484
129861540
129861987
129862083
129862463
129862713
129862919
129863020
129863235
129863429
129863525
129863625
129863914
129864020
129864032
129864079
129864120
129864127
129864143
129864229
129864358
129864393
129864394
129864420
129864435
129864439
129864480
129864512
129864522
129864702
129864939
129865083
129865168
129865568
129865677
129865723
129865725
129865828
129865881
129865886
129865905
129866350
129866428
129866484
129866647
129866685
129866708
129866758
129866767
129866780
129866783
129866791
129866795
129866804
129866806
129866834
129866843
129866868
129866889
129867015
129867060
129867082
129867118
129867121
129867129
129867216
129867239
129867427
129867486
129867512
129867600
129867653
129867668
129867684
129867735
129867960
129868057
129868181
129868246
129868351
129868366
129869136
129869354
129869631
129869768
129869928
129869962
129870112
129870119
129870165
129870273
129870567
129870631
129870738
129871050
129871070
129871120
129871130
129871168
129871202
129871348
129871444
129871494
129871531
129871564
129871578
129871624
129871655
129871657
129871671
129871831
129871886
129872095
129872781
129873244
129873298
129873353
129873405
129873476
129873486
129873635
129873653
129873721
129873935
129873948
129873985
129874008
129874077
129874106
129874107
129874195
129874318
129874407
129874664
129874727
129874929
129874955
129874959
129874973
129874989
129875107
129875173
129875194
129875210
129875216
129875289
129875490
129875621
129875742
129875871
129875949
129875953
129875991
129876019
129876074
129876079
129876225
129876317
129876359
129876360
129876372
129876388
129876424
129876441
129876564
129876582
129876605
129876620
129876623
129876624
129876655
129876709
129876790
129876807
129876859
129876879
129876885
129876918
129877011
129877023
129877074
129877379
129877430
129877600
129877632
129877662
129877665
129877715
129877826
129877850
129877966
129878015
129878052
129878124
129878216
129878286
129878520
129878570
129878573
129878577
129878591
129878624
129878633
129878677
129878678
129878687
129878690
129878748
129878752
129878789
129878841
129878848
129878938
129878981
129879060
129879066
129879109
129879112
129879130
129879178
129879181
129879199
129879256
129879343
129879348
129879391
129879416
129879422
129879552
129879587
129879651
129879671
129879691
129879716
129879833
129879856
129879941
129880107
129880188
129880234
129880639
129880719
129880790
129881262
129881285
129881468
129881599
129881751
129881870
129882140
129882187
129882211
129882271
129882291
129882557
129882606
129882683
129882780
129882903
129882948
129883023
129883078
129883086
129883109
129883151
129883242
129883398
129883532
129883596
129883607
129883635
129884001
129884050
129884307
129884544
129884668
129884956
129885142
129885155
129885325
129885466
129885480
129885778
129885872
129885958
129886317
129886473
129886551
129886797
129886913
129887034
129887101
129887528
129888109
129888592
129888859
129889065
129889071
129889074
129889076
129889079
129889130
129889136
129889137
129889218
129889410
129889748
129889781
129890010
129890077
129890316
129890412
129890461
129890646
129890703
129890832
129890849
129890971
129891037
129891105
129891143
129891254
129891356
129891414
129891456
129891468
129891508
129891517
129891546
129891737
129891803
129891860
129891861
129892049
129892057
129892066
129892191
129892208
129892348
129892436
129892685
129892700
129892761
129892849
129892922
129893123
129893180
129893301
129893431
129893779
129894042
129894075
129894195
129894202
129894386
129894460
129894608
129894716
129894739
129894753
129894807
129894859
129894884
129895033
129895179
129895213
129895233
129895456
129895499
129895510
129895707
129895709
129895839
129896084
129896140
129896675
129896761
129896775
129897148
129897554
129897823
129898099
129898131
129898284
129898470
129898649
129898998
129899077
129899234
129899429
129899582
129899592
129899891
129900263
129900323
129900730
129900974
129901071
129901128
129901313
129901326
129901573
129901597
129901620
129901741
129901769
129901828
129902045
129902189
129902384
129902585
129902625
129902692
129902762
129902781
129902845
129902888
129902906
129903007
129903010
129903011
129903019
129903038
129903110
129903155
129903212
129903290
129903463
129903728
129903734
129903849
129903897
129903930
129903961
129904138
129904150
129904445
129904575
129904587
129904965
129905535
129906019
129906088
129906168
129906267
129906353
129906375
129906447
129906451
129906458
129906468
129906477
129906563
129906590
129906611
129906701
129906720
129906778
129907373
129907592
129908271
129908281
129908676
129908705
129908715
129908724
129908726
129909063
129909360
129909459
129909482
129909640
129909817
129909840
129909843
129909870
129909875
129909912
129910026
129910235
129910496
129910584
129911009
129911233
129911276
129911317
129911364
129911378
129911672
129911673
129911679
129911777
129911820
129912182
129912277
129912289
129912580
129912583
129913029
129913183
129913253
129913667
129913894
129913992
129914048
129914123
129914242
129914269
129914344
129914431
129914481
129914502
129914560
129914594
129914630
129914668
129914931
129914974
129915277
129915438
129915641
129915662
129915828
129916002
129916135
129916148
129916178
129916217
129916267
129916307
129916564
129916573
129916687
129916964
129917011
129917015
129917074
129917758
129917978
129917999
129918027
129918159
129918317
129918450
129918585
129918712
129918807
129918814
129918821
129918896
129918916
129918990
129918995
129919046
129919076
129919107
129919232
129919235
129919349
129919425
129919859
129919907
129920282
129920615
129920817
129920834
129920839
129921157
129921240
129921323
129921404
129921453
129921611
129921612
129921689
129921761
129921853
129921876
129921914
129921922
129922046
129922104
129922121
129922152
129922192
129922266
129922361
129922370
129922405
129922594
129922961
129922988
129923023
129923044
129923085
129923317
129923786
129923849
129923875
129923963
129924349
129924362
129924373
129924375
129924397
129924606
129924636
129924762
129924802
129924811
129925007
129925141
129925198
129925297
129925383
129925489
129925523
129925577
129925778
129925801
129925830
129925880
129925951
129925962
129926417
129926613
129927040
129927762
129927783
129927868
129927870
129928070
129928361
129928427
129928498
129928505
129928541
129928620
129928627
129928664
129928677
129928776
129928850
129928958
129929001
129929187
129929279
129929391
129929487
129929503
129930107
129930139
129930317
129930326
129930590
129931454
129931553
129931715
129931892
129932008
129932435
129932649
129932739
129932908
129932916
129933064
129933095
129933213
129933258
129933367
129933437
129933700
129933976
129934076
129934725
129934790
129934864
129935039
129935281
129935400
129935466
129936147
129936167
83168312
83260326
88858926
94613937
96992962
98246823
99948143
